0.000011120231869059308
0.00001115924964886939
0.000011229780518750798
0.000011332418469971031
0.000011468011054574586
0.000011637682829234979
0.000011842851539948053
0.00001208524743509391
0.000012366936830334811
0.00001269035047537775
0.000013058317273250313
0.000013474103988980718
0.000013941461699310994
0.000014464679870612433
0.000015048649109473966
0.000015698933812780907
0.000016421856155910098
0.000017224593104301403
0.000018115288421507223
0.000019103181983426656
0.000020198759102754378
0.00002141392303032109
0.00002276219434356464
0.000024258941571794807
0.0000259216481609748
0.000027770221768582678
0.000029827352926915442
0.00003211893135096429
0.000034674529630500976
0.00003752796577797594
0.00004071795815522744
0.000044288888733757296
0.00004829169352828845
0.00005278490246860269
0.00005783585504455376
0.00006352212289852983
0.00006993317629811398
0.00007717233827857597
0.00008535907841515888
0.00009463170792685435
0.00010515054943605882
0.00011710166858381428
0.00013070127127457886
0.0001462008901337784
0.0001638935074500019
0.00018412079021590006
0.0002072816468084638
0.00023384235547952125
0.0002643485635068857
0.00029943951420411275
0.0003398649289491107
0.00038650505531034586
0.00044039449304056165
0.0005027505305591692
0.0005750068696297403
0.0006588537901572886
0.0007562860162714718
0.0008696597962069483
0.0010017610104500953
0.0011558864854153308
0.0013359411258227222
0.0015465540027119553
0.0017932171633353359
0.0020824516852408948
0.002422006405119924
0.002821095843922274
0.0032906851598189834
0.003843831533461119
0.004496093277822123
0.0052660202300401065
0.006175741699466003
0.007251671503235414
0.008525353523703538
0.010034475896615687
0.011824087534160883
0.013948057380144485
0.016470824795239765
0.019469499026895945
0.023036377124274213
0.027281963259442234
0.03233858861919816
0.03836475031582306
0.04555031069093837
0.05412272561115501
0.06435450264407856
0.07657212825154794
0.09116674838127824
0.10860694028045892
0.1294539763840134
0.15438005534538743
0.18419006251442482
0.2198475245242843
0.2625055425188444
0.3135436286465729
0.3746115338301735
0.44768134493640027
0.5351093501654295
0.6397094270296974
0.7648400024174703
0.9145069741074194
1.0934853733357515
1.3074629946645664
1.5632097288970805
1.8687769138977839
2.2337316739031525
2.6694319573548966
3.189348813485865
3.8094433755744923
4.548607050108223
5.42917455126921
6.477520673008866
7.7247530584428805
9.207514707786357
10.96891155772928
13.059582159123082
15.538928263196093
18.476526980265277
21.953747072880816
26.06559385289581
30.922809024706137
36.65425359935935
43.40960362843973
51.362389890903714
60.713413713744934
71.69457170598771
84.57312220591292
99.65642553760765
117.29718858222614
137.89924151333094
161.92387063184117
189.89672586054306
222.41531440922267
260.1570831850597
303.8880814884791
354.4721822033749
412.8808238847269
480.2032177204253
557.6569421965753
646.5988243840518
748.5359801197548
865.1368560993964
998.242085256139
1149.87493311929
1322.2510776148558
1517.787428620953
1739.1096573227417
1989.0580699890659
2270.6914273514703
2587.2882806074704
2942.345369650465
3339.5726100408733
3782.8841841765943
4276.385250864338
4824.353797825807
5431.217185345554
6101.52296792516
6839.903635914724
7651.034991841721
8539.587967393143
9510.173797124015
10567.28259383156
11715.215517397273
12958.0108923253
14299.364807014621
15742.546917038633
17290.31237161881
18944.81098254972
20707.494952816618
22579.02667216378
24559.188262528787
26646.794710809256
28839.612552966362
31134.286165158403
33526.2737679154
36009.79525238547
38577.793888334076
41221.91386794353
43932.49547501212
46698.58944500958
49507.991798547475
52347.30009207732
55201.991639987275
58056.52382872694
60894.45617510831
63698.59328828268
66451.14739039559
69133.91854815105
71728.49028085923
74216.43775480818
76579.5453636648
78800.03014418192
80860.76719880254
82745.51310353285
84439.12318134036
85927.75853006613
87199.07883251474
88242.41733128976
89048.93540263422
89611.75988219924
89926.18245509594
0.000184590097471319
0.0004296466304510242
0.0006749606344793724
0.0009201404593417637
0.0011651007147558572
0.0014097768274534922
0.001654107552313005
0.0018980325049385912
0.00214149163944059
0.002384425112004891
0.0026267732445165127
0.0028684765194682996
0.0031094755861030506
0.003349711271035829
0.003589124590811418
0.0038276567653447394
0.00406524923177558
0.004301843658513221
0.004537381959358489
0.00477180630764125
0.005005059150339176
0.005237083222156583
0.00546782155954988
0.005697217514689483
0.0059252147693512015
0.006151757348731894
0.006376789635183357
0.0066002563818614544
0.006822102726285032
0.00704227420380204
0.007260716760958468
0.007477376768767324
0.007692201035873163
0.007905136821610164
0.008116131848949097
0.008325134317331517
0.008532092915386296
0.008736956833526358
0.008939675776422714
0.009140199975351941
0.009338480200414405
0.00953446777262029
0.009728114575840588
0.00991937306861979
0.010108196295847405
0.01029453790028558
0.010478352133950337
0.01065959386934242
0.010838218610526761
0.011014182504056337
0.011187442349738301
0.01135795561124016
0.011525680426532087
0.011690575618164958
0.011852600703379214
0.012011715904043853
0.012167882156421995
0.012321061120761326
0.01247121519070672
0.012618307502533
0.01276230194419468
0.012903163164192388
0.013040856580251345
0.01317534838781166
0.013306605568327606
0.013434595897373834
0.013559287952556587
0.013680651121228259
0.01379865560800275
0.01391327244207073
0.014024473484311678
0.014132231434202629
0.014236519836520425
0.014337313087836675
0.014434586442803533
0.014528316020228743
0.014618478808938965
0.014705052673428526
0.014788016359294411
0.014867349498453997
0.014943032614145837
0.015015047125711025
0.015083375353154944
0.015148000521487957
0.015208906764843367
0.015266079130373355
0.015319503581919067
0.015369167003457295
0.015415057202320127
0.01545716291218837
0.015495473795857776
0.015529980447776644
0.015560674396354793
0.015587548106043948
0.015610594979187016
0.01562980935763843
0.015645186524153056
0.015656722703544353
0.015664415063610902
0.015668261715832264
0.015668261715832264
0.015664415063610902
0.015656722703544353
0.015645186524153056
0.01562980935763843
0.015610594979187016
0.015587548106043948
0.015560674396354793
0.015529980447776644
0.015495473795857776
0.01545716291218837
0.015415057202320127
0.015369167003457295
0.015319503581919067
0.015266079130373355
0.015208906764843367
0.015148000521487957
0.015083375353154944
0.015015047125711025
0.014943032614145837
0.014867349498453997
0.014788016359294411
0.014705052673428526
0.014618478808938965
0.014528316020228743
0.014434586442803533
0.014337313087836675
0.014236519836520425
0.014132231434202629
0.014024473484311678
0.01391327244207073
0.01379865560800275
0.013680651121228259
0.013559287952556587
0.013434595897373834
0.013306605568327606
0.01317534838781166
0.013040856580251345
0.012903163164192388
0.01276230194419468
0.012618307502533
0.01247121519070672
0.012321061120761326
0.012167882156421995
0.012011715904043853
0.011852600703379214
0.011690575618164958
0.011525680426532087
0.01135795561124016
0.011187442349738301
0.011014182504056337
0.010838218610526761
0.01065959386934242
0.010478352133950337
0.01029453790028558
0.010108196295847405
0.00991937306861979
0.009728114575840588
0.00953446777262029
0.009338480200414405
0.009140199975351941
0.008939675776422714
0.008736956833526358
0.008532092915386296
0.008325134317331517
0.008116131848949097
0.007905136821610164
0.007692201035873163
0.007477376768767324
0.007260716760958468
0.00704227420380204
0.006822102726285032
0.0066002563818614544
0.006376789635183357
0.006151757348731894
0.0059252147693512015
0.005697217514689483
0.00546782155954988
0.005237083222156583
0.005005059150339176
0.00477180630764125
0.004537381959358489
0.004301843658513221
0.00406524923177558
0.0038276567653447394
0.003589124590811418
0.003349711271035829
0.0031094755861030506
0.0028684765194682996
0.0026267732445165127
0.002384425112004891
0.00214149163944059
0.0018980325049385912
0.001654107552313005
0.0014097768274534922
0.0011651007147558572
0.0009201404593417637
0.0006749606344793724
0.0004296466304510242
0.000184590097471319