-0.9951872199970214
-0.9747285559713095
-0.9382745520027328
-0.8864155270044011
-0.820001985973903
-0.7401241915785544
-0.6480936519369755
-0.5454214713888396
-0.4337935076260452
-0.3150426796961634
-0.1911188674736163
-0.06405689286260564
0.06405689286260564
0.1911188674736163
0.3150426796961634
0.4337935076260452
0.5454214713888396
0.6480936519369755
0.7401241915785544
0.820001985973903
0.8864155270044011
0.9382745520027328
0.9747285559713095
0.9951872199970214
0.012341229799987663
0.028531388628933518
0.044277438817419676
0.059298584915436735
0.07334648141108027
0.08619016153195326
0.09761865210411398
0.10744427011596568
0.11550566805372568
0.12167047292780346
0.12583745634682844
0.12793819534675224
0.12793819534675224
0.12583745634682844
0.12167047292780346
0.11550566805372568
0.10744427011596568
0.09761865210411398
0.08619016153195326
0.07334648141108027
0.059298584915436735
0.044277438817419676
0.028531388628933518
0.012341229799987663