(0.9256829143117858, 0.0034328751623280973)
(0.9256265824970982, 0.003475338920845783)
(0.9255860283480332, 0.003644329349707459)
(0.9255429756647469, 0.003945469209198693)
(0.9254850499754769, 0.00439873585929379)
(0.9253988235167239, 0.005041350837782788)
(0.9252637554037221, 0.005931030546061422)
(0.9250444877204513, 0.007152821432944684)
(0.9246772574333372, 0.008830016028954085)
(0.9240438271483598, 0.01114028023143987)
(0.9229201137121024, 0.014338465874341566)
(0.9208736709649878, 0.018786994272454394)
(0.9170581711350685, 0.024991114305133344)
(0.9098038573845391, 0.033623505820531197)
(0.8958216781403139, 0.045483441274344893)
(0.8687573030908057, 0.06122888185440517)
(0.8170008420853662, 0.08047505398323568)
(0.7221217503770081, 0.09952232284529891)
(0.564643766783578, 0.10774173124838626)
(0.35172435738066227, 0.08911431183117115)
(0.15499863703442468, 0.04501843969057575)
(0.05489598894248561, 0.011468722701204635)
(0.02733300145520987, 0.002127479418985552)
(0.019507330474085847, 0.0006530733182985781)
(0.01601339480362318, 0.00028079569901775614)
(0.013827650901153513, 0.0001300585888699635)
(0.011878506125500354, 0.00004917323078869844)
(0.01072348791778464, 0.000020034962390227398)
(0.010166724665172785, 0.000011578131371755071)
(0.009765964307975585, 7.467523458645097e-6)
(0.009439885432838043, 5.029573957055313e-6)
(0.009171207801631264, 3.5121229540783047e-6)
(0.008948387871027875, 2.5262981401333623e-6)
(0.008763546512756386, 1.8617862627933116e-6)
(0.008611222980669686, 1.4003409021901761e-6)
(0.008487545290349448, 1.0732468305070813e-6)
(0.008389752373328663, 8.39813762188119e-7)
(0.00831588961222853, 6.758377532052941e-7)
(0.008264813837555136, 5.676190519053402e-7)
(0.00823659916208692, 5.09530619028596e-7)
(0.92583876178242, 0.0034802389151809)
(0.925954689249452, 0.003548276709113951)
(0.9258194060921583, 0.003776927476654257)
(0.9257417764269026, 0.004075668785593178)
(0.9256581049882444, 0.004512882685339226)
(0.9255524218620782, 0.0051306576870725484)
(0.9254033585191455, 0.005987973181557249)
(0.9251748552548695, 0.007169112660953714)
(0.9248025330322057, 0.008794978782045493)
(0.9241675876488602, 0.011039198913370407)
(0.9230453083802801, 0.014150691489867362)
(0.9210024645799963, 0.018483749074811318)
(0.9171919753031099, 0.024533169053860326)
(0.909944371967953, 0.032959179879682)
(0.8959742607614979, 0.044547943164725545)
(0.8689374572369906, 0.05994855163030299)
(0.817241839716603, 0.07878879337485939)
(0.7224740127846914, 0.09744931482986521)
(0.5651377220003801, 0.10552244323237699)
(0.3522644049862173, 0.08730940282925059)
(0.15533915467368364, 0.04412582133389269)
(0.054979539446441024, 0.011241317200781756)
(0.027338488816078425, 0.002083091148355599)
(0.019506521629879904, 0.000639158073981245)
(0.01601251368872484, 0.0002748581201599536)
(0.013827086639380417, 0.00012734337559214027)
(0.011878325216107183, 0.00004815764954591001)
(0.010723435363256501, 0.00001962230183187805)
(0.010166698396153535, 0.00001133957436755524)
(0.009765950782218254, 7.313782307178418e-6)
(0.009439878296755818, 4.926090716204554e-6)
(0.00917120375759455, 3.4398884090854322e-6)
(0.008948385381666136, 2.4743515520270458e-6)
(0.008763544847165046, 1.823510347486052e-6)
(0.00861122177659442, 1.371556758297122e-6)
(0.008487544361416171, 1.0511915276526233e-6)
(0.008389751625505506, 8.225633622902539e-7)
(0.008315889022845538, 6.619704789154415e-7)
(0.00826481353406064, 5.560119328461138e-7)
(0.008236600125865938, 4.993431802893871e-7)
(0.9259415279902187, 0.0033883010335980512)
(0.925846910359299, 0.0034634694876173877)
(0.9257363237728241, 0.0033902665507575813)
(0.9261150374716193, 0.003733573464686113)
(0.9260144222948702, 0.004322411889695621)
(0.9258786881794037, 0.004970778863899794)
(0.9257063104818737, 0.005820113247690106)
(0.9254573053595918, 0.006967261728476615)
(0.9250657936000493, 0.008533146295892191)
(0.9244125929070914, 0.010686942716766568)
(0.9232732196153498, 0.013669771522965835)
(0.921215544845867, 0.017824277152830192)
(0.917395273193145, 0.023628454633677798)
(0.9101483969209776, 0.03171923502925439)
(0.896198762381412, 0.04285457782037172)
(0.8692177489092434, 0.057662022190483914)
(0.8176384695713376, 0.07578947374431666)
(0.7230725956535948, 0.09376247123117055)
(0.5659877879386607, 0.10157086478874135)
(0.35319796542799153, 0.08409028328774695)
(0.15592899036830835, 0.04253071497619376)
(0.05512445122124752, 0.010834963478341765)
(0.027348022637979523, 0.002004118895390615)
(0.01950512739064602, 0.0006144414462510499)
(0.016010990904341993, 0.0002643041732132073)
(0.013826111002959603, 0.0001225117709047956)
(0.011878012390856108, 0.00004634878323817013)
(0.010723344470719227, 0.00001888713111210061)
(0.010166652952354052, 0.000010914587735059735)
(0.009765927381349668, 7.03987555966455e-6)
(0.009439865950111707, 4.741713878415651e-6)
(0.009171196760543138, 3.3111834123078255e-6)
(0.008948381074473356, 2.3817930394287186e-6)
(0.008763541965271151, 1.7553092226262468e-6)
(0.008611219693236527, 1.320267567862612e-6)
(0.00848754275413164, 1.0118913324448582e-6)
(0.008389750331604167, 7.918237865501169e-7)
(0.008315888003111411, 6.372572100558858e-7)
(0.008264813008946173, 5.35320439371224e-7)
(0.008236601788286033, 4.811468503881603e-7)
(0.926027578110149, 0.0032215613773447505)
(0.9259707728906608, 0.0033190448760493374)
(0.9258239393497749, 0.0034497594787540886)
(0.9258527347668228, 0.003672267040720989)
(0.9256767152419587, 0.003910309201983708)
(0.9257613577612157, 0.0043010956027469405)
(0.9257930034893392, 0.005136171356363697)
(0.9256237533680237, 0.006300866168602058)
(0.9252555270277203, 0.00784407586196395)
(0.9246028585046491, 0.009926285086330089)
(0.9234548781588565, 0.012780846053373818)
(0.9213878126788589, 0.01673468401950215)
(0.9175655083472583, 0.02224023518399862)
(0.9103337001191052, 0.02989835440676239)
(0.8964292843664885, 0.040424025371845584)
(0.8695437025469428, 0.05441179446562894)
(0.8181415819994028, 0.07153692812760003)
(0.7238654839358627, 0.08853188584528986)
(0.5671328392954527, 0.0959546526368964)
(0.35446315394769096, 0.07950386129727244)
(0.15673066187626072, 0.040251572413885696)
(0.055321783370609424, 0.010254384438608505)
(0.027361038942335613, 0.0018920215910151997)
(0.01950324648207192, 0.000579444593648067)
(0.01600892839623073, 0.0002493449851324279)
(0.013824788645179133, 0.00011565208641526402)
(0.011877588344951546, 0.00004377706633528541)
(0.010723221229748149, 0.00001784154701936819)
(0.010166591311309162, 0.000010310183233736934)
(0.0097658956355313, 6.650293300219397e-6)
(0.009439849199471294, 4.479450140177834e-6)
(0.009171187267317053, 3.1281002580170995e-6)
(0.008948375230576858, 2.2501243251585806e-6)
(0.008763538055142716, 1.6582877990078649e-6)
(0.008611216866547821, 1.247303041437037e-6)
(0.00848754057339173, 9.55980712981436e-7)
(0.00838974857609413, 7.480894157976e-7)
(0.008315886619641112, 6.020918147631037e-7)
(0.008264812296491118, 5.058647904197159e-7)
(0.008236604033382123, 4.551674677811534e-7)
(0.9261033796415068, 0.0029926959336527004)
(0.9260630914491758, 0.003090000622398892)
(0.9259745370460606, 0.003263894825557334)
(0.9258025670217318, 0.0034323296781192947)
(0.9258142922051021, 0.0036353790601069413)
(0.9258017507426217, 0.004277214928752271)
(0.9255629195998816, 0.004976724820139555)
(0.9253226276022475, 0.005869913160169826)
(0.9250100492123937, 0.007167460973651021)
(0.9244468622487622, 0.009042012494576451)
(0.9233790302130367, 0.011679765081701217)
(0.9213767711820479, 0.015355379581447611)
(0.9176111423289823, 0.02047156944830996)
(0.9104405029925782, 0.02757599732434106)
(0.8966209171959576, 0.037326056730190516)
(0.8698731433012581, 0.05027118326763533)
(0.8187033322942802, 0.06611659396265297)
(0.7247913331566349, 0.08185463071856576)
(0.5684934404472688, 0.08876891918086253)
(0.35597657877309724, 0.07361803018305352)
(0.15769289755439658, 0.0373162420689874)
(0.05555919974509935, 0.009506687672664048)
(0.027376751201063282, 0.0017488468508133086)
(0.019501010644711898, 0.000534890024700234)
(0.01600646399199879, 0.00023027565686291665)
(0.013823207199660525, 0.00010688931275365099)
(0.011877081141597272, 0.00004048609072673612)
(0.010723073770766554, 0.00001650293517012928)
(0.010166517520967895, 9.536434735786126e-6)
(0.009765857626133273, 6.151492761647447e-6)
(0.009439829142228113, 4.143626854040556e-6)
(0.00917117589957417, 2.893651669498533e-6)
(0.00894836823256152, 2.0815083999564747e-6)
(0.00876353337273197, 1.534037874823377e-6)
(0.00861121348155449, 1.1538587708266324e-6)
(0.008487537961952526, 8.843742025643143e-7)
(0.008389746473923161, 6.92073268500636e-7)
(0.008315884963069653, 5.570431319340747e-7)
(0.008264811443344218, 4.681095663275222e-7)
(0.008236606706050968, 4.217451908437392e-7)
(0.9261702798477354, 0.0027090162007858964)
(0.9261398177932445, 0.0027997694464259038)
(0.9260766863915029, 0.0029673314160537645)
(0.9259594678149441, 0.003211816206295237)
(0.9257830229865613, 0.003442385723405106)
(0.9257495844694823, 0.0038537200514763836)
(0.9256236001315028, 0.004413327851590515)
(0.9254834689162064, 0.005330715203299363)
(0.9251008198848989, 0.006600802136781686)
(0.9244434726004004, 0.00828961910442197)
(0.923330591448715, 0.010617674068939792)
(0.9213336779962921, 0.013881163470743694)
(0.9176068088235293, 0.018462497773856064)
(0.9105001366289789, 0.02485604211235195)
(0.8967784461611705, 0.03364848230649456)
(0.8701901893582729, 0.04532916303039855)
(0.8192864925815798, 0.059630820573872034)
(0.7257871009028736, 0.07384865539999923)
(0.5699788293361133, 0.08013238818649529)
(0.35763929059935695, 0.06652053633165811)
(0.15875384142136892, 0.03376242045425688)
(0.05582166403718979, 0.008601470210682407)
(0.027394187738001258, 0.0015771435315497856)
(0.019498573573814123, 0.00048166231335303145)
(0.016003761344537702, 0.00020746104063649784)
(0.01382147106564783, 0.00009638034428597464)
(0.01187652423141683, 0.00003653135657558738)
(0.01072291179770085, 0.000014893518587559195)
(0.010166436421944033, 8.606213676123594e-6)
(0.009765815843778886, 5.551733750831831e-6)
(0.009439807091972112, 3.7397844479726193e-6)
(0.009171163401583107, 2.611697030021832e-6)
(0.00894836053851973, 1.8787170708130853e-6)
(0.00876352822452317, 1.3845998161405622e-6)
(0.008611209759814685, 1.0414676576911526e-6)
(0.008487535090750349, 7.982447693680362e-7)
(0.008389744162715733, 6.246904637128273e-7)
(0.00831588314188845, 5.028424043164047e-7)
(0.008264810505357949, 4.226551247570819e-7)
(0.008236609624645688, 3.8133818838032043e-7)
(0.9262284211876229, 0.0023770466204302565)
(0.9262045775802165, 0.0024578977497834442)
(0.926156440672997, 0.0026086098520832213)
(0.9260724330508532, 0.0028369977981750893)
(0.9259274008040282, 0.0031443767159000657)
(0.9257348441706288, 0.003454030692161325)
(0.9256304293048359, 0.003940828748820346)
(0.925442369241322, 0.004712753416405563)
(0.925074973319828, 0.005764410214521842)
(0.9244742346894672, 0.007234783570667924)
(0.9233838690290893, 0.009303164966796229)
(0.9213795994979361, 0.01217897910794076)
(0.9176510822372429, 0.0161862633621643)
(0.9105737503220268, 0.02176960457175242)
(0.8969302586261487, 0.02945399916865805)
(0.8704953540659988, 0.03967196651943075)
(0.8198630829021976, 0.052190446641443206)
(0.7267914645959117, 0.06464794714246665)
(0.5714929580755372, 0.07018463372019133)
(0.35934318460918835, 0.058318525000728254)
(0.15984481873800732, 0.02963844296646267)
(0.05609229732004814, 0.007551017252261479)
(0.02741224084488904, 0.0013798852458210224)
(0.019496098903923183, 0.00042077017057394505)
(0.016000998563612753, 0.00018132189597905822)
(0.013819694313599121, 0.00008430939754689755)
(0.011875954187637644, 0.00003197911256376003)
(0.010722745936363636, 0.000013039943857898572)
(0.010166353326395549, 7.534945754295068e-6)
(0.009765773023831805, 4.8609279874883334e-6)
(0.009439784491900778, 3.274578345990371e-6)
(0.009171150591221339, 2.286875304809158e-6)
(0.008948352651911948, 1.6450833482449474e-6)
(0.008763522947375174, 1.2124278180542249e-6)
(0.008611205944847848, 9.11974046343471e-7)
(0.00848753214765768, 6.990042704387436e-7)
(0.008389741793714245, 5.470433320851227e-7)
(0.008315881275294036, 4.40372070117872e-7)
(0.008264809543912444, 3.702302412802478e-7)
(0.008236612594647417, 3.345280099709549e-7)
(0.9262775771765355, 0.002003405267597347)
(0.9262584373484037, 0.0020721315726928147)
(0.9262202921092931, 0.002200730206797674)
(0.9261554686413946, 0.002397694485346602)
(0.9260492116433254, 0.002674004711609057)
(0.9258743003707035, 0.0030333802029321455)
(0.9256423010788506, 0.0034287070193736446)
(0.9254405335848281, 0.004009877523945438)
(0.9250937578329613, 0.0048845500864220515)
(0.9244862713294741, 0.006119461760719785)
(0.9233952315834538, 0.007844798663322272)
(0.9214087705653625, 0.010255061099627996)
(0.917703863981999, 0.013627866712234933)
(0.9106597870751926, 0.018326979980300327)
(0.8970832856285921, 0.024789597216867836)
(0.870785351997548, 0.033382190344834944)
(0.820407191349583, 0.04391254499454009)
(0.7277452873930136, 0.05440026954007993)
(0.5729396134035835, 0.05908435075657742)
(0.360977663856745, 0.04913826603093477)
(0.16089459108924375, 0.025003998207613738)
(0.056353398596711894, 0.006370490541695916)
(0.027429729747601578, 0.0011604010422171479)
(0.01949374831634978, 0.000353310442393103)
(0.015998356208051637, 0.0001523212575944432)
(0.013817993087989021, 0.00007088327544440576)
(0.011875408275071213, 0.000026905071491618087)
(0.010722587031043096, 0.000010972809098795811)
(0.010166273668453539, 6.340334069764504e-6)
(0.009765731966770557, 4.090466104494702e-6)
(0.009439762820141435, 2.755665491496386e-6)
(0.009171138306351264, 1.9245270677101863e-6)
(0.008948345088568576, 1.3844459324446474e-6)
(0.008763517886446588, 1.0203493081160799e-6)
(0.0086112022861771, 7.675034247297676e-7)
(0.008487529325170754, 5.882804814457568e-7)
(0.008389739521864037, 4.604038072012684e-7)
(0.008315879485368566, 3.706522889266331e-7)
(0.008264808621891686, 3.116826400848842e-7)
(0.008236615422325094, 2.8202196761929265e-7)
(0.9263174187135935, 0.0015950281322208437)
(0.92630165892355, 0.0016500216616614494)
(0.9262704458261104, 0.0017531063130884483)
(0.9262180278847381, 0.0019116584816319393)
(0.9261338914431504, 0.002136585225557208)
(0.9259994592347259, 0.002441261039787923)
(0.9257845236273129, 0.002833800573130929)
(0.9254803339087987, 0.003299810706544559)
(0.9251111793651919, 0.003946117236228397)
(0.9245022869996214, 0.004903657067518746)
(0.9234174502054384, 0.006261805935726589)
(0.9214389084644854, 0.008170338325820786)
(0.9177500658698794, 0.010845987749971434)
(0.9107387069578363, 0.014579914898651278)
(0.8972242412008387, 0.019718689175793773)
(0.871046154818677, 0.026550967335049008)
(0.8208905341831169, 0.03492397458480858)
(0.728591972616782, 0.04326737254808803)
(0.5742271908577257, 0.047008471239040034)
(0.3624363984779, 0.039124764177787125)
(0.16183392317228, 0.019930496537517474)
(0.05658759057284509, 0.005078035951735985)
(0.027445476486047716, 0.0009223155384055618)
(0.01949167089015792, 0.00028043703857681375)
(0.015996005501698066, 0.00012095207356672165)
(0.013816478027050336, 0.00005632674407485326)
(0.011874922017853808, 0.000021393029180098127)
(0.010722445436291176, 8.726137796746342e-6)
(0.010166202649021485, 5.042051664682278e-6)
(0.009765695355079707, 3.253023421699463e-6)
(0.009439743493090146, 2.1915757794762483e-6)
(0.009171127350024146, 1.5306056618059988e-6)
(0.008948338342953064, 1.101085735772931e-6)
(0.008763513372620782, 8.115183999922103e-7)
(0.008611199023009197, 6.104275899570686e-7)
(0.008487526807819567, 4.678905860474751e-7)
(0.008389737495679844, 3.661929530033671e-7)
(0.008315877889096317, 2.948249842451755e-7)
(0.008264807799570685, 2.479669626461661e-7)
(0.00823661792727072, 2.2465052531800384e-7)
(0.9263476214853485, 0.0011592031122554802)
(0.9263342207704417, 0.0011992906293982752)
(0.9263077490864351, 0.0012745013569241126)
(0.9262635007035661, 0.001390405671595596)
(0.9261930110020731, 0.0015555421542151615)
(0.9260815979883882, 0.0017816952547786147)
(0.9259042558445771, 0.0020831897914091457)
(0.9256214005157377, 0.002472785460495619)
(0.9251888625512024, 0.002961044559865622)
(0.9245421634964169, 0.003622945922158949)
(0.9234490305684091, 0.004582834541533909)
(0.9214716487940637, 0.00595238221222287)
(0.9177921982555134, 0.007885579972868255)
(0.9108044722842444, 0.010592142095560222)
(0.8973401614245168, 0.014322424180812815)
(0.8712597855623874, 0.019284177295310335)
(0.8212839788444248, 0.02536490521692929)
(0.7292795784188388, 0.031425771711110106)
(0.5752736450904357, 0.03415135571817329)
(0.36362400617005436, 0.028440813456187954)
(0.16260022255940842, 0.014500815715383909)
(0.05677902581407869, 0.003694735080935973)
(0.027458390869172646, 0.0006694969126547167)
(0.01948999447663341, 0.00020333671041125348)
(0.015994097540575288, 0.00008772691444155275)
(0.013815247189422626, 0.000040878254913544406)
(0.011874526923044307, 0.000015533424173767916)
(0.010722330349753848, 6.336808966090884e-6)
(0.010166144898018876, 3.6614101244436675e-6)
(0.009765665578567112, 2.3623482091987818e-6)
(0.009439727773057776, 1.5915705765710528e-6)
(0.009171118438079249, 1.1115788794725061e-6)
(0.008948332855883097, 7.996553763189791e-7)
(0.008763509700900902, 5.893640520324543e-7)
(0.008611196368614788, 4.433257451581099e-7)
(0.008487524760120043, 3.3981145525184773e-7)
(0.008389735847553363, 2.65957846066295e-7)
(0.008315876590735788, 2.1413550310119791e-7)
(0.008264807130681505, 1.8013005939114802e-7)
(0.008236619953029045, 1.6335836575550897e-7)
(0.9263679158472042, 0.0007035305576747614)
(0.9263560170371109, 0.0007279015920846343)
(0.9263325289982787, 0.0007736463530736842)
(0.9262933149004713, 0.0008442075359476053)
(0.9262309522933752, 0.0009449307975816779)
(0.9261325786908419, 0.001083433597906358)
(0.9259760372110186, 0.0012698665297755929)
(0.9257233351205332, 0.001516640645590983)
(0.9253109030174811, 0.001837503614486341)
(0.9246358068079349, 0.0022530112315228)
(0.9235068691358961, 0.00281926822520967)
(0.9215115257952621, 0.0036304537766408684)
(0.9178286634409111, 0.004791294400767344)
(0.9108529539391346, 0.0064280609171602845)
(0.8974224753985668, 0.008689486387563117)
(0.8714109619988823, 0.01169943873403025)
(0.8215618848711763, 0.015388553808174403)
(0.7297644717782329, 0.01906615116608277)
(0.5760115974532396, 0.020723146447863793)
(0.3644623408095555, 0.017265048382995578)
(0.1631419387905052, 0.008808198671229487)
(0.056914560596475754, 0.0022443376019493253)
(0.02746755738813918, 0.00040600827709024823)
(0.019488819413256753, 0.00012321224427795532)
(0.01599275409592599, 0.000053170136918621034)
(0.013814379908130113, 0.000024786148732990763)
(0.011874248496669826, 9.421867968833908e-6)
(0.010722249227030412, 3.843953929091765e-6)
(0.010166104175511998, 2.2210106427835053e-6)
(0.00976564457932109, 1.433036308147015e-6)
(0.009439716686182396, 9.654907754284068e-7)
(0.009171112152529465, 6.743228023452608e-7)
(0.008948328985802516, 4.851027913217441e-7)
(0.00876350711117671, 3.575337600290139e-7)
(0.008611194496422673, 2.6894213836861714e-7)
(0.008487523315849932, 2.0614717082598697e-7)
(0.008389734685129643, 1.613461477385016e-7)
(0.008315875675039563, 1.2991212394811304e-7)
(0.00826480665891299, 1.0929369827501271e-7)
(0.008236621375428759, 9.918855468475544e-8)
(0.9263781118500364, 0.00023585001537392708)
(0.9263669449182537, 0.00024402644286734831)
(0.9263449019853464, 0.00025937666441883805)
(0.926308100297844, 0.0002830634686113581)
(0.926249567251975, 0.00031690063219357717)
(0.9261571906675401, 0.0003634987727425751)
(0.9260099657252328, 0.0004264185699122125)
(0.925771190352227, 0.0005102625656732696)
(0.9253762625566692, 0.0006206617056523922)
(0.9247107886354257, 0.0007648411467504335)
(0.9235676718456142, 0.0009561656981814104)
(0.9215486661042883, 0.0012234238470420697)
(0.9178530346432204, 0.001608201620269388)
(0.9108793161357474, 0.0021550809266876877)
(0.8974652651683414, 0.0029126109693662786)
(0.8714892070376506, 0.003921423535414047)
(0.8217056650992418, 0.00515797546895764)
(0.7300151588088717, 0.006390752851561367)
(0.5763930599251126, 0.006946725712559261)
(0.36489591507811997, 0.005788725951806916)
(0.1634223488254093, 0.0029542050958851567)
(0.05698478358459375, 0.0007527439897228648)
(0.02747231431674274, 0.00013605751027498581)
(0.01948821444763699, 0.00004127245856400231)
(0.015992060437306613, 0.000017812459759051253)
(0.01381393190473326, 8.305370804867503e-6)
(0.011874104662142405, 3.157665307482817e-6)
(0.010722207312581007, 1.288328873966778e-6)
(0.010166083130250914, 7.44383017524009e-7)
(0.009765633726117027, 4.802957060310372e-7)
(0.009439710955852006, 3.2359683238422146e-7)
(0.009171108903727713, 2.2600952081778093e-7)
(0.00894832698545511, 1.62590211258724e-7)
(0.008763505772604725, 1.1983370054640778e-7)
(0.008611193528725995, 9.014093405372427e-8)
(0.008487522569340104, 6.909432351475648e-8)
(0.008389734084306882, 5.407878359726257e-8)
(0.008315875201755193, 4.3543753070616806e-8)
(0.008264806415069376, 3.66349887050884e-8)
(0.008236622108560175, 3.3260082212630047e-8)
(0.9263781118500364, -0.0002358500153733581)
(0.9263669449182537, -0.00024402644286706382)
(0.9263449019853464, -0.00025937666441883805)
(0.926308100297844, -0.00028306346861108056)
(0.926249567251975, -0.0003169006321932996)
(0.9261571906675402, -0.00036349877274231834)
(0.9260099657252329, -0.0004264185699122125)
(0.925771190352227, -0.0005102625656730059)
(0.9253762625566692, -0.0006206617056521424)
(0.9247107886354257, -0.0007648411467502114)
(0.9235676718456143, -0.0009561656981812161)
(0.9215486661042883, -0.0012234238470420697)
(0.9178530346432204, -0.0016082016202694678)
(0.9108793161357474, -0.002155080926687763)
(0.8974652651683414, -0.0029126109693662786)
(0.8714892070376505, -0.0039214235354141196)
(0.8217056650992418, -0.005157975468957711)
(0.7300151588088717, -0.00639075285156142)
(0.5763930599251126, -0.006946725712559429)
(0.36489591507811997, -0.005788725951806939)
(0.1634223488254093, -0.0029542050958851693)
(0.05698478358459375, -0.0007527439897228698)
(0.02747231431674274, -0.00013605751027498581)
(0.01948821444763699, -0.000041272458564001286)
(0.01599206043730661, -0.0000178124597590515)
(0.01381393190473326, -8.305370804867313e-6)
(0.011874104662142405, -3.157665307482746e-6)
(0.010722207312581007, -1.2883288739666129e-6)
(0.010166083130250914, -7.44383017524009e-7)
(0.009765633726117027, -4.802957060311435e-7)
(0.009439710955852006, -3.2359683238422146e-7)
(0.009171108903727713, -2.2600952081778093e-7)
(0.00894832698545511, -1.62590211258724e-7)
(0.008763505772604725, -1.1983370054642938e-7)
(0.008611193528725995, -9.014093405372427e-8)
(0.008487522569340104, -6.909432351475648e-8)
(0.008389734084306882, -5.407878359726257e-8)
(0.008315875201755193, -4.3543753070616806e-8)
(0.008264806415069376, -3.66349887050884e-8)
(0.008236622108560175, -3.3260082212630047e-8)
(0.9263679158472042, -0.0007035305576747614)
(0.926356017037111, -0.0007279015920838017)
(0.9263325289982791, -0.0007736463530734483)
(0.9262933149004715, -0.0008442075359473555)
(0.9262309522933753, -0.0009449307975811228)
(0.9261325786908419, -0.001083433597906358)
(0.925976037211019, -0.0012698665297756484)
(0.9257233351205332, -0.001516640645590761)
(0.9253109030174811, -0.001837503614486563)
(0.9246358068079349, -0.0022530112315228)
(0.9235068691358961, -0.0028192682252095036)
(0.9215115257952621, -0.003630453776640702)
(0.9178286634409111, -0.00479129440076758)
(0.9108529539391346, -0.0064280609171602845)
(0.8974224753985667, -0.00868948638756319)
(0.8714109619988822, -0.011699438734030322)
(0.8215618848711763, -0.015388553808174475)
(0.7297644717782329, -0.01906615116608286)
(0.5760115974532396, -0.020723146447863945)
(0.36446234080955536, -0.0172650483829956)
(0.1631419387905052, -0.008808198671229499)
(0.056914560596475754, -0.0022443376019493253)
(0.027467557388139177, -0.00040600827709024736)
(0.019488819413256756, -0.000123212244277956)
(0.01599275409592599, -0.000053170136918621034)
(0.013814379908130113, -0.000024786148732990763)
(0.011874248496669826, -9.421867968833908e-6)
(0.010722249227030412, -3.843953929091606e-6)
(0.010166104175511998, -2.221010642783463e-6)
(0.00976564457932109, -1.4330363081470844e-6)
(0.009439716686182396, -9.654907754284356e-7)
(0.009171112152529465, -6.743228023452726e-7)
(0.008948328985802516, -4.851027913217441e-7)
(0.00876350711117671, -3.575337600290139e-7)
(0.008611194496422673, -2.689421383686273e-7)
(0.008487523315849932, -2.0614717082598697e-7)
(0.008389734685129643, -1.613461477385016e-7)
(0.008315875675039563, -1.2991212394811304e-7)
(0.00826480665891299, -1.0929369827501271e-7)
(0.008236621375428759, -9.918855468475459e-8)
(0.9263476214853487, -0.0011592031122552027)
(0.9263342207704418, -0.001199290629398303)
(0.9263077490864351, -0.0012745013569241126)
(0.9262635007035661, -0.001390405671595596)
(0.9261930110020732, -0.0015555421542149117)
(0.9260815979883884, -0.0017816952547786147)
(0.9259042558445771, -0.0020831897914091457)
(0.9256214005157378, -0.002472785460495397)
(0.9251888625512023, -0.002961044559865955)
(0.9245421634964173, -0.003622945922158838)
(0.9234490305684091, -0.0045828345415340754)
(0.921471648794064, -0.005952382212222801)
(0.9177921982555133, -0.007885579972868553)
(0.9108044722842442, -0.010592142095560288)
(0.8973401614245167, -0.01432242418081274)
(0.8712597855623874, -0.019284177295310373)
(0.8212839788444248, -0.025364905216929395)
(0.729279578418839, -0.03142577171111018)
(0.5752736450904355, -0.03415135571817344)
(0.36362400617005425, -0.02844081345618798)
(0.16260022255940842, -0.014500815715383896)
(0.05677902581407868, -0.003694735080935982)
(0.027458390869172643, -0.0006694969126547149)
(0.01948999447663341, -0.00020333671041125316)
(0.015994097540575288, -0.0000877269144415532)
(0.013815247189422626, -0.00004087825491354415)
(0.011874526923044307, -0.000015533424173767788)
(0.010722330349753848, -6.336808966090833e-6)
(0.010166144898018878, -3.661410124443671e-6)
(0.009765665578567112, -2.3623482091987818e-6)
(0.009439727773057776, -1.5915705765710782e-6)
(0.009171118438079249, -1.1115788794725061e-6)
(0.008948332855883097, -7.996553763189791e-7)
(0.008763509700900902, -5.893640520324543e-7)
(0.008611196368614788, -4.433257451581099e-7)
(0.008487524760120043, -3.3981145525184773e-7)
(0.008389735847553363, -2.65957846066295e-7)
(0.008315876590735788, -2.1413550310119791e-7)
(0.008264807130681505, -1.8013005939114802e-7)
(0.008236619953029045, -1.6335836575550982e-7)
(0.9263174187135935, -0.0015950281322211213)
(0.9263016589235502, -0.0016500216616615049)
(0.9262704458261108, -0.0017531063130877267)
(0.9262180278847381, -0.0019116584816319393)
(0.9261338914431502, -0.0021365852255576523)
(0.925999459234726, -0.002441261039787701)
(0.9257845236273128, -0.0028338005731310956)
(0.9254803339087987, -0.0032998107065443927)
(0.9251111793651922, -0.0039461172362284525)
(0.9245022869996216, -0.004903657067518774)
(0.9234174502054386, -0.0062618059357263944)
(0.9214389084644853, -0.008170338325820842)
(0.9177500658698793, -0.01084598774997142)
(0.9107387069578363, -0.014579914898651278)
(0.8972242412008387, -0.019718689175793773)
(0.871046154818677, -0.026550967335048935)
(0.8208905341831169, -0.034923974584808684)
(0.728591972616782, -0.04326737254808813)
(0.5742271908577257, -0.04700847123904019)
(0.3624363984779, -0.03912476417778715)
(0.16183392317228, -0.019930496537517474)
(0.056587590572845084, -0.005078035951735981)
(0.027445476486047716, -0.0009223155384055618)
(0.01949167089015792, -0.00028043703857681375)
(0.015996005501698066, -0.00012095207356672144)
(0.013816478027050336, -0.00005632674407485357)
(0.011874922017853808, -0.00002139302918009801)
(0.010722445436291176, -8.726137796746389e-6)
(0.010166202649021485, -5.042051664682251e-6)
(0.009765695355079707, -3.253023421699551e-6)
(0.009439743493090146, -2.1915757794762737e-6)
(0.009171127350024146, -1.5306056618059988e-6)
(0.008948338342953064, -1.101085735772931e-6)
(0.008763513372620782, -8.115183999922103e-7)
(0.008611199023009197, -6.104275899570686e-7)
(0.008487526807819567, -4.678905860474751e-7)
(0.008389737495679844, -3.661929530033671e-7)
(0.008315877889096317, -2.948249842451755e-7)
(0.008264807799570685, -2.479669626461661e-7)
(0.00823661792727072, -2.2465052531800554e-7)
(0.9262775771765356, -0.0020034052675970693)
(0.9262584373484035, -0.0020721315726932588)
(0.926220292109293, -0.002200730206797896)
(0.9261554686413949, -0.0023976944853466575)
(0.9260492116433257, -0.0026740047116086685)
(0.9258743003707037, -0.0030333802029318124)
(0.9256423010788506, -0.003428707019373478)
(0.9254405335848281, -0.004009877523945327)
(0.9250937578329614, -0.004884550086421968)
(0.9244862713294741, -0.006119461760719785)
(0.9233952315834537, -0.007844798663322189)
(0.9214087705653624, -0.010255061099628121)
(0.9177038639819992, -0.013627866712235023)
(0.9106597870751927, -0.018326979980300476)
(0.8970832856285921, -0.024789597216867763)
(0.870785351997548, -0.033382190344835055)
(0.820407191349583, -0.043912544994540156)
(0.7277452873930136, -0.05440026954008001)
(0.5729396134035833, -0.05908435075657753)
(0.360977663856745, -0.04913826603093484)
(0.16089459108924375, -0.025003998207613752)
(0.05635339859671189, -0.00637049054169592)
(0.027429729747601574, -0.0011604010422171477)
(0.01949374831634978, -0.00035331044239310226)
(0.015998356208051637, -0.0001523212575944437)
(0.013817993087989021, -0.00007088327544440603)
(0.011875408275071213, -0.00002690507149161793)
(0.010722587031043096, -0.000010972809098795811)
(0.01016627366845354, -6.340334069764511e-6)
(0.009765731966770557, -4.090466104494702e-6)
(0.009439762820141435, -2.755665491496406e-6)
(0.009171138306351264, -1.9245270677102032e-6)
(0.008948345088568576, -1.3844459324446474e-6)
(0.008763517886446588, -1.0203493081160866e-6)
(0.0086112022861771, -7.675034247297744e-7)
(0.008487529325170754, -5.882804814457568e-7)
(0.008389739521864037, -4.604038072012684e-7)
(0.008315879485368566, -3.706522889266331e-7)
(0.008264808621891686, -3.116826400848842e-7)
(0.008236615422325094, -2.8202196761929096e-7)
(0.926228421187623, -0.0023770466204300345)
(0.9262045775802165, -0.0024578977497834442)
(0.926156440672997, -0.002608609852083499)
(0.9260724330508532, -0.0028369977981750893)
(0.9259274008040281, -0.0031443767159002323)
(0.9257348441706288, -0.003454030692161325)
(0.925630429304836, -0.003940828748820124)
(0.9254423692413221, -0.004712753416405618)
(0.925074973319828, -0.005764410214522203)
(0.9244742346894673, -0.0072347835706677854)
(0.9233838690290893, -0.00930316496679609)
(0.9213795994979361, -0.01217897910794076)
(0.9176510822372429, -0.01618626336216416)
(0.9105737503220267, -0.021769604571752345)
(0.8969302586261487, -0.02945399916865805)
(0.8704953540659986, -0.03967196651943078)
(0.8198630829021976, -0.05219044664144331)
(0.7267914645959119, -0.06464794714246674)
(0.5714929580755371, -0.07018463372019146)
(0.3593431846091883, -0.05831852500072831)
(0.15984481873800732, -0.029638442966462678)
(0.056092297320048126, -0.007551017252261476)
(0.02741224084488904, -0.0013798852458210234)
(0.019496098903923183, -0.0004207701705739455)
(0.016000998563612753, -0.00018132189597905876)
(0.013819694313599121, -0.00008430939754689766)
(0.011875954187637644, -0.00003197911256376003)
(0.010722745936363636, -0.000013039943857898572)
(0.010166353326395549, -7.534945754295068e-6)
(0.009765773023831805, -4.860927987488374e-6)
(0.009439784491900778, -3.274578345990388e-6)
(0.009171150591221339, -2.286875304809158e-6)
(0.008948352651911948, -1.6450833482449474e-6)
(0.008763522947375174, -1.2124278180542316e-6)
(0.008611205944847848, -9.11974046343471e-7)
(0.00848753214765768, -6.990042704387436e-7)
(0.008389741793714245, -5.470433320851227e-7)
(0.008315881275294036, -4.40372070117872e-7)
(0.008264809543912444, -3.702302412802478e-7)
(0.008236612594647417, -3.345280099709549e-7)
(0.9261702798477354, -0.0027090162007858964)
(0.9261398177932445, -0.0027997694464259593)
(0.9260766863915031, -0.002967331416053598)
(0.9259594678149441, -0.003211816206295348)
(0.9257830229865615, -0.003442385723404995)
(0.9257495844694823, -0.0038537200514763836)
(0.9256236001315028, -0.004413327851590654)
(0.9254834689162064, -0.005330715203299502)
(0.9251008198848993, -0.006600802136781686)
(0.9244434726004006, -0.008289619104421886)
(0.923330591448715, -0.01061767406893993)
(0.9213336779962917, -0.013881163470743618)
(0.9176068088235293, -0.01846249777385614)
(0.9105001366289789, -0.02485604211235195)
(0.8967784461611705, -0.03364848230649456)
(0.870190189358273, -0.045329163030398564)
(0.8192864925815797, -0.05963082057387211)
(0.7257871009028737, -0.0738486553999993)
(0.5699788293361132, -0.0801323881864954)
(0.3576392905993569, -0.06652053633165814)
(0.15875384142136892, -0.03376242045425688)
(0.055821664037189786, -0.008601470210682404)
(0.027394187738001258, -0.0015771435315497864)
(0.019498573573814123, -0.00048166231335303145)
(0.016003761344537702, -0.0002074610406364982)
(0.01382147106564783, -0.00009638034428597464)
(0.01187652423141683, -0.00003653135657558745)
(0.01072291179770085, -0.000014893518587559195)
(0.010166436421944034, -8.606213676123607e-6)
(0.009765815843778886, -5.551733750831878e-6)
(0.009439807091972112, -3.739784447972633e-6)
(0.009171163401583107, -2.611697030021832e-6)
(0.00894836053851973, -1.8787170708130853e-6)
(0.00876352822452317, -1.3845998161405723e-6)
(0.008611209759814685, -1.0414676576911577e-6)
(0.008487535090750349, -7.982447693680362e-7)
(0.008389744162715733, -6.246904637128273e-7)
(0.00831588314188845, -5.028424043164047e-7)
(0.008264810505357949, -4.226551247570819e-7)
(0.008236609624645688, -3.813381883803238e-7)
(0.9261033796415068, -0.002992695933652534)
(0.9260630914491759, -0.0030900006223987253)
(0.9259745370460608, -0.003263894825557334)
(0.9258025670217319, -0.003432329678119239)
(0.925814292205102, -0.003635379060106886)
(0.9258017507426215, -0.004277214928752715)
(0.9255629195998816, -0.004976724820139444)
(0.9253226276022475, -0.005869913160169771)
(0.9250100492123938, -0.0071674609736510075)
(0.924446862248762, -0.009042012494576535)
(0.9233790302130367, -0.011679765081701134)
(0.9213767711820479, -0.01535537958144753)
(0.9176111423289827, -0.02047156944830974)
(0.9104405029925782, -0.027575997324340906)
(0.8966209171959576, -0.037326056730190446)
(0.8698731433012582, -0.050271183267635425)
(0.8187033322942802, -0.0661165939626531)
(0.7247913331566351, -0.0818546307185658)
(0.5684934404472688, -0.08876891918086263)
(0.3559765787730972, -0.07361803018305356)
(0.15769289755439658, -0.03731624206898741)
(0.05555919974509934, -0.009506687672664051)
(0.02737675120106328, -0.0017488468508133083)
(0.019501010644711898, -0.0005348900247002345)
(0.01600646399199879, -0.00023027565686291676)
(0.013823207199660525, -0.00010688931275365109)
(0.011877081141597272, -0.00004048609072673612)
(0.010723073770766554, -0.000016502935170129295)
(0.010166517520967895, -9.536434735786126e-6)
(0.009765857626133273, -6.151492761647461e-6)
(0.009439829142228113, -4.143626854040566e-6)
(0.00917117589957417, -2.893651669498533e-6)
(0.00894836823256152, -2.0815083999564747e-6)
(0.00876353337273197, -1.5340378748233804e-6)
(0.00861121348155449, -1.1538587708266324e-6)
(0.008487537961952526, -8.843742025643143e-7)
(0.008389746473923161, -6.92073268500636e-7)
(0.008315884963069653, -5.570431319340747e-7)
(0.008264811443344218, -4.681095663275222e-7)
(0.008236606706050968, -4.217451908437392e-7)
(0.9260275781101491, -0.003221561377344473)
(0.9259707728906608, -0.0033190448760495594)
(0.9258239393497752, -0.003449759478754033)
(0.9258527347668228, -0.003672267040721211)
(0.9256767152419587, -0.003910309201983875)
(0.9257613577612158, -0.004301095602746913)
(0.925793003489339, -0.005136171356363628)
(0.9256237533680238, -0.006300866168601746)
(0.9252555270277202, -0.007844075861963618)
(0.9246028585046493, -0.009926285086330117)
(0.9234548781588562, -0.01278084605337404)
(0.9213878126788592, -0.016734684019502205)
(0.9175655083472583, -0.022240235183998563)
(0.9103337001191052, -0.02989835440676239)
(0.8964292843664886, -0.040424025371845584)
(0.8695437025469429, -0.054411794465628965)
(0.8181415819994028, -0.07153692812760012)
(0.7238654839358627, -0.08853188584528991)
(0.5671328392954527, -0.09595465263689648)
(0.3544631539476909, -0.07950386129727245)
(0.15673066187626072, -0.040251572413885696)
(0.05532178337060942, -0.01025438443860851)
(0.02736103894233561, -0.0018920215910151997)
(0.019503246482071922, -0.0005794445936480672)
(0.01600892839623073, -0.0002493449851324282)
(0.013824788645179133, -0.0001156520864152641)
(0.011877588344951546, -0.00004377706633528541)
(0.010723221229748149, -0.00001784154701936819)
(0.010166591311309163, -0.000010310183233736948)
(0.0097658956355313, -6.6502933002194175e-6)
(0.009439849199471294, -4.479450140177834e-6)
(0.009171187267317053, -3.1281002580171097e-6)
(0.008948375230576858, -2.2501243251585806e-6)
(0.008763538055142716, -1.6582877990078717e-6)
(0.008611216866547821, -1.2473030414370387e-6)
(0.00848754057339173, -9.55980712981436e-7)
(0.00838974857609413, -7.480894157976e-7)
(0.008315886619641112, -6.020918147631037e-7)
(0.008264812296491118, -5.058647904197159e-7)
(0.008236604033382123, -4.551674677811568e-7)
(0.9259415279902186, -0.0033883010335982178)
(0.925846910359299, -0.0034634694876174987)
(0.925736323772824, -0.0033902665507574703)
(0.9261150374716193, -0.003733573464686557)
(0.9260144222948701, -0.004322411889695843)
(0.9258786881794039, -0.0049707788638996275)
(0.9257063104818737, -0.005820113247689995)
(0.925457305359592, -0.006967261728476615)
(0.9250657936000495, -0.00853314629589208)
(0.9244125929070912, -0.010686942716766679)
(0.9232732196153499, -0.013669771522966057)
(0.9212155448458669, -0.017824277152830137)
(0.9173952731931451, -0.02362845463367791)
(0.9101483969209776, -0.031719235029254444)
(0.8961987623814123, -0.042854577820371775)
(0.8692177489092436, -0.05766202219048408)
(0.8176384695713373, -0.07578947374431672)
(0.7230725956535952, -0.0937624712311706)
(0.5659877879386606, -0.10157086478874142)
(0.3531979654279914, -0.08409028328774695)
(0.15592899036830835, -0.04253071497619376)
(0.055124451221247504, -0.010834963478341769)
(0.027348022637979516, -0.002004118895390614)
(0.019505127390646023, -0.0006144414462510503)
(0.016010990904341993, -0.0002643041732132076)
(0.013826111002959603, -0.00012251177090479568)
(0.011878012390856108, -0.00004634878323817016)
(0.010723344470719227, -0.000018887131112100652)
(0.010166652952354053, -0.000010914587735059735)
(0.009765927381349668, -7.039875559664577e-6)
(0.009439865950111707, -4.741713878415658e-6)
(0.009171196760543138, -3.3111834123078322e-6)
(0.008948381074473356, -2.3817930394287186e-6)
(0.008763541965271151, -1.7553092226262535e-6)
(0.008611219693236527, -1.3202675678626138e-6)
(0.00848754275413164, -1.0118913324448582e-6)
(0.008389750331604167, -7.918237865501169e-7)
(0.008315888003111411, -6.372572100558858e-7)
(0.008264813008946173, -5.35320439371224e-7)
(0.008236601788286033, -4.811468503881603e-7)
(0.92583876178242, -0.0034802389151809)
(0.9259546892494518, -0.0035482767091142287)
(0.9258194060921582, -0.003776927476654479)
(0.9257417764269027, -0.004075668785593289)
(0.9256581049882444, -0.004512882685339226)
(0.9255524218620782, -0.0051306576870726595)
(0.9254033585191455, -0.005987973181557249)
(0.9251748552548699, -0.007169112660953658)
(0.9248025330322058, -0.008794978782045715)
(0.92416758764886, -0.011039198913370574)
(0.9230453083802799, -0.014150691489867528)
(0.9210024645799961, -0.018483749074811595)
(0.9171919753031099, -0.024533169053860382)
(0.909944371967953, -0.032959179879682055)
(0.8959742607614981, -0.04454794316472577)
(0.868937457236991, -0.059948551630303215)
(0.8172418397166029, -0.07878879337485933)
(0.7224740127846916, -0.09744931482986527)
(0.56513772200038, -0.10552244323237703)
(0.3522644049862172, -0.08730940282925059)
(0.15533915467368364, -0.04412582133389269)
(0.05497953944644101, -0.01124131720078176)
(0.027338488816078418, -0.0020830911483556)
(0.019506521629879908, -0.0006391580739812455)
(0.01601251368872484, -0.0002748581201599539)
(0.013827086639380417, -0.00012734337559214032)
(0.011878325216107183, -0.00004815764954591005)
(0.010723435363256501, -0.000019622301831878064)
(0.010166698396153537, -0.000011339574367555254)
(0.009765950782218254, -7.313782307178431e-6)
(0.009439878296755818, -4.926090716204554e-6)
(0.00917120375759455, -3.439888409085439e-6)
(0.008948385381666136, -2.4743515520270458e-6)
(0.008763544847165046, -1.823510347486052e-6)
(0.00861122177659442, -1.3715567582971237e-6)
(0.008487544361416171, -1.0511915276526233e-6)
(0.008389751625505506, -8.225633622902539e-7)
(0.008315889022845538, -6.619704789154415e-7)
(0.00826481353406064, -5.560119328461138e-7)
(0.008236600125865938, -4.993431802893871e-7)
(0.925682914311786, -0.0034328751623282083)
(0.9256265824970986, -0.003475338920845672)
(0.9255860283480332, -0.0036443293497075147)
(0.925542975664747, -0.003945469209198804)
(0.925485049975477, -0.004398735859293873)
(0.925398823516724, -0.005041350837782899)
(0.9252637554037221, -0.005931030546061505)
(0.9250444877204518, -0.007152821432944767)
(0.9246772574333374, -0.00883001602895414)
(0.9240438271483596, -0.01114028023143998)
(0.9229201137121021, -0.014338465874341733)
(0.9208736709649878, -0.018786994272454505)
(0.9170581711350686, -0.02499111430513351)
(0.9098038573845393, -0.03362350582053136)
(0.8958216781403139, -0.04548344127434506)
(0.8687573030908061, -0.06122888185440545)
(0.8170008420853662, -0.08047505398323576)
(0.7221217503770084, -0.099522322845299)
(0.564643766783578, -0.10774173124838632)
(0.35172435738066216, -0.08911431183117116)
(0.15499863703442468, -0.04501843969057575)
(0.054895988942485596, -0.011468722701204635)
(0.02733300145520986, -0.002127479418985552)
(0.01950733047408585, -0.0006530733182985788)
(0.01601339480362318, -0.0002807956990177564)
(0.013827650901153513, -0.00013005858886996357)
(0.011878506125500354, -0.00004917323078869848)
(0.01072348791778464, -0.000020034962390227425)
(0.010166724665172787, -0.000011578131371755085)
(0.009765964307975585, -7.4675234586451175e-6)
(0.009439885432838043, -5.02957395705532e-6)
(0.009171207801631264, -3.5121229540783114e-6)
(0.008948387871027875, -2.5262981401333623e-6)
(0.008763546512756386, -1.861786262793315e-6)
(0.008611222980669686, -1.4003409021901795e-6)
(0.008487545290349448, -1.0732468305070813e-6)
(0.008389752373328663, -8.39813762188119e-7)
(0.00831588961222853, -6.758377532052941e-7)
(0.008264813837555136, -5.676190519053402e-7)
(0.00823659916208692, -5.09530619028596e-7)